
0000   00 01 00 06 00 09 0f 09 00 02 00 00 08 00 eaeaezdqfkjq
000e   45 10 01 67 00 00 00 00 10 11 49 1b 0a 40 3f fe
00qq5 dsfdjlkqjcv
001e   0a 40 0b de 00 43 00 44 01 53 61 ee 02 01 06 00
002e   54 a0 19 99 00 01 00 00 00 00 00 00 0a 40 0b de
003e   00 00 00 00 00 00 00 00 0c dd 24 82 65 77 00 00
004e   00 00 00 00 00 00 00 00 00 00 00 00 00 00 00 00
005e   00 00 00 00 00 00 00 00 00 00 00 00 00 00 00 00
006e   00 00 00 00 00 00 00 00 00 00 00 00 00 00 00 00
007e   00 00 00 00 00 00 00 00 00 00 00 00 00 00 00 00
008e   00 00 00 00 00 00 00 00 00 00 00 00 00 00 00 00
009e   00 00 00 00 00 00 00 00 00 00 00 00 00 00 00 00
00ae   00 00 00 00 00 00 00 00 00 00 00 00 00 00 00 00
00be   00 00 00 00 00 00 00 00 00 00 00 00 00 00 00 00
00ce   00 00 00 00 00 00 00 00 00 00 00 00 00 00 00 00
00de   00 00 00 00 00 00 00 00 00 00 00 00 00 00 00 00
00ee   00 00 00 00 00 00 00 00 00 00 00 00 00 00 00 00
00fe   00 00 00 00 00 00 00 00 00 00 00 00 00 00 00 00
010e   00 00 00 00 00 00 00 00 63 82 53 63 35 01 05 36
011e   04 0a 40 3f fe 33 04 00 00 a8 c0 01 04 ff ff c0
012e   00 02 04 00 00 0e 10 06 08 86 9d 00 81 86 9d c0
013e   01 03 04 0a 40 3f fe 3a 04 00 00 54 60 3b 04 00
014e   00 93 a8 e0 21 46 47 54 33 4b 44 33 5a 31 36 38
015e   30 30 30 37 34 46 47 54 33 4b 44 33 5a 31 36 38
016e   30 30 30 37 38 00 ff 00 00

0000   00 09 0f 09 00 02 98 54 1b 39 a6 11 08 00 45 00   .......T.9¦...E.
0010   00 54 8e a2 40 00 40 11 12 a1 0a 40 07 f8 86 9d   .T.¢@.@..¡.@.ø..
0020   00 81 90 c4 00 35 00 40 64 9f 9e 63 01 00 00 01   ...Ä.5.@d..c....
0030   00 00 00 00 00 01 0d 70 72 69 76 61 63 79 70 6f   .......privacypo
0040   72 74 61 6c 09 63 6f 6f 6b 69 65 70 72 6f 03 63   rtal.cookiepro.c
0050   6f 6d 00 00 01 00 01 00 00 29 02 00 00 00 00 00   om.......)......
0060   00 00                                             ..


0000 08 00 20 0a ac 96 08 00 20 0a 70 66 08 00 4f 00 
0010 00 7c cb c9 00 00 ff 01 b9 7f 84 e3 3d 05 c0 21 
0020 9f 06 07 27 04 00 00 00 00 00 00 00 00 00 00 00 
0030 00 00 00 00 00 00 00 00 00 00 00 00 00 00 00 00 
0040 00 00 00 00 00 00 00 00 00 00 08 00 a2 56 2f 00 
0050 00 00 29 36 8c 41 00 03 86 2b 08 09 0a 0b 0c 0d 
0060 0e 0f 10 11 12 13 14 15 16 17 18 19 1a 1b 1c 1d 
0070 1e 1f 20 21 22 23 24 25 26 27 28 29 2a 2b 2c 2d 
0080 2e 2f 30 31 32 33 34 35 36 37 
