0000   00 01 00 06 00 09 0f 09 00 02 00 00 08 00
000e   45 10 01 67 00 00 00 00 10 11 49 1b 0a 40 3f fe
001e   0a 40 0b de 00 43 00 44 01 53 61 ee 02 01 06 00
002e   54 a0 19 99 00 01 00 00 00 00 00 00 0a 40 0b de
003e   00 00 00 00 00 00 00 00 0c dd 24 82 65 77 00 00
004e   00 00 00 00 00 00 00 00 00 00 00 00 00 00 00 00
005e   00 00 00 00 00 00 00 00 00 00 00 00 00 00 00 00
006e   00 00 00 00 00 00 00 00 00 00 00 00 00 00 00 00
007e   00 00 00 00 00 00 00 00 00 00 00 00 00 00 00 00
008e   00 00 00 00 00 00 00 00 00 00 00 00 00 00 00 00
009e   00 00 00 00 00 00 00 00 00 00 00 00 00 00 00 00
00ae   00 00 00 00 00 00 00 00 00 00 00 00 00 00 00 00
00be   00 00 00 00 00 00 00 00 00 00 00 00 00 00 00 00
00ce   00 00 00 00 00 00 00 00 00 00 00 00 00 00 00 00
00de   00 00 00 00 00 00 00 00 00 00 00 00 00 00 00 00
00ee   00 00 00 00 00 00 00 00 00 00 00 00 00 00 00 00
00fe   00 00 00 00 00 00 00 00 00 00 00 00 00 00 00 00
010e   00 00 00 00 00 00 00 00 63 82 53 63 35 01 05 36
011e   04 0a 40 3f fe 33 04 00 00 a8 c0 01 04 ff ff c0
012e   00 02 04 00 00 0e 10 06 08 86 9d 00 81 86 9d c0
013e   01 03 04 0a 40 3f fe 3a 04 00 00 54 60 3b 04 00
014e   00 93 a8 e0 21 46 47 54 33 4b 44 33 5a 31 36 38
015e   30 30 30 37 34 46 47 54 33 4b 44 33 5a 31 36 38
016e   30 30 30 37 38 00 ff 00 00
